    x y z q
    0.7795    0.3201    0.6068   -1.0000
    0.1411    0.0057    0.4207    1.0000
    0.8943    0.1559    0.3106   -1.0000
    0.9609    0.9679    0.8548    1.0000
    0.8917    0.3389    0.8748   -1.0000
    0.2693    0.7899    0.5592    1.0000
    0.0622    0.6088    0.7589   -1.0000
    0.9573    0.0693    0.2174    1.0000
    0.7476    0.6710    0.5669   -1.0000
    0.1482    0.9695    0.9923    1.0000
    0.3034    0.0538    0.9613   -1.0000
    0.4285    0.2157    0.3119    1.0000
    0.9345    0.9729    0.0895   -1.0000
    0.9656    0.6125    0.8013    1.0000
    0.9387    0.0781    0.9503   -1.0000
    0.2421    0.2172    0.1095    1.0000
    0.5391    0.2535    0.8355   -1.0000
    0.0985    0.7932    0.5613    1.0000
    0.0006    0.5332    0.2122   -1.0000
    0.5866    0.4621    0.6886    1.0000
    0.2453    0.9374    0.6871   -1.0000
    0.9305    0.4179    0.8139    1.0000
    0.4401    0.7625    0.0088   -1.0000
    0.9950    0.0751    0.1696    1.0000
    0.5142    0.7791    0.3588   -1.0000
    0.2934    0.1521    0.9053    1.0000
    0.2728    0.3419    0.0499   -1.0000
    0.2046    0.5237    0.2373    1.0000
    0.5920    0.8130    0.3864   -1.0000
    0.7829    0.7150    0.9997    1.0000
    0.0203    0.6592    0.5329   -1.0000
    0.9572    0.6953    0.4675    1.0000
    0.2966    0.4208    0.3962   -1.0000
    0.1035    0.4782    0.7761    1.0000
    0.4728    0.3191    0.3872   -1.0000
    0.7063    0.8974    0.7551    1.0000
    0.1357    0.1174    0.0954   -1.0000
    0.2725    0.0499    0.1653    1.0000
    0.9693    0.1776    0.4608   -1.0000
    0.7234    0.4919    0.5615    1.0000
    0.7554    0.9681    0.3912   -1.0000
    0.6518    0.0519    0.8930    1.0000
    0.8883    0.9921    0.3838   -1.0000
    0.3432    0.7082    0.6149    1.0000
    0.8500    0.9431    0.9841   -1.0000
    0.9026    0.0314    0.0868    1.0000
    0.3603    0.1096    0.3994   -1.0000
    0.7379    0.8732    0.3260    1.0000
    0.9042    0.6483    0.4174   -1.0000
    0.8296    0.9895    0.3790    1.0000
    0.4854    0.6168    0.4079   -1.0000
    0.6245    0.6069    0.8053    1.0000
    0.5908    0.2729    0.4646   -1.0000
    0.4324    0.3592    0.9115    1.0000
    0.3469    0.5380    0.2058   -1.0000
    0.4980    0.1634    0.5222    1.0000
    0.7146    0.2973    0.5925   -1.0000
    0.8441    0.9016    0.7797    1.0000
    0.2187    0.6334    0.7127   -1.0000
    0.0033    0.6036    0.9422    1.0000
    0.0871    0.2256    0.9216   -1.0000
    0.2008    0.3035    0.6793    1.0000
    0.2151    0.4578    0.5170   -1.0000
    0.4263    0.4905    0.1876    1.0000
    0.1048    0.9408    0.1288   -1.0000
    0.3344    0.8049    0.1411    1.0000
    0.5442    0.8691    0.9423   -1.0000
    0.4582    0.2631    0.1842    1.0000
    0.6978    0.1239    0.1513   -1.0000
    0.7020    0.4011    0.2492    1.0000
    0.2943    0.5329    0.1635   -1.0000
    0.0192    0.0013    0.5005    1.0000
    0.9175    0.9459    0.3433   -1.0000
    0.5423    0.3496    0.5031    1.0000
    0.0896    0.2772    0.3785   -1.0000
    0.7846    0.1459    0.3928    1.0000
    0.9282    0.2489    0.7319   -1.0000
    0.3067    0.4729    0.6585    1.0000
    0.6837    0.4373    0.0235   -1.0000
    0.4108    0.8403    0.9163    1.0000
    0.5800    0.8416    0.3567   -1.0000
    0.8515    0.8911    0.6282    1.0000
    0.3992    0.2510    0.9963   -1.0000
    0.6373    0.7544    0.8798    1.0000
    0.4632    0.2745    0.4740   -1.0000
    0.0299    0.2285    0.5404    1.0000
    0.3996    0.7555    0.8320   -1.0000
    0.5600    0.5657    0.5985    1.0000
    0.5660    0.4777    0.3408   -1.0000
    0.8117    0.7981    0.2822    1.0000
    0.2122    0.2505    0.2135   -1.0000
    0.5536    0.5257    0.3048    1.0000
    0.8338    0.0796    0.4009   -1.0000
    0.9000    0.8747    0.2252    1.0000
    0.2343    0.9331    0.6505   -1.0000
    0.2804    0.1178    0.7085    1.0000
    0.5764    0.1277    0.1649   -1.0000
    0.7219    0.0278    0.2661    1.0000
    0.9616    0.0246    0.7957   -1.0000
    0.7842    0.0972    0.7144    1.0000
    0.0465    0.0622    0.7892   -1.0000
    0.7755    0.9874    0.9451    1.0000
    0.7329    0.9579    0.1298   -1.0000
    0.6683    0.3801    0.5390    1.0000
    0.9373    0.8939    0.2247   -1.0000
    0.0876    0.2154    0.6808    1.0000
    0.4327    0.4853    0.7204   -1.0000
    0.3173    0.8365    0.8195    1.0000
    0.3031    0.8140    0.0262   -1.0000
    0.8374    0.4893    0.1027    1.0000
    0.5789    0.1519    0.9196   -1.0000
    0.7270    0.1458    0.2078    1.0000
    0.4921    0.2920    0.6626   -1.0000
    0.1018    0.7699    0.2946    1.0000
    0.1613    0.2564    0.9706   -1.0000
    0.2041    0.9053    0.1613    1.0000
    0.4713    0.9373    0.1357   -1.0000
    0.7852    0.6642    0.7312    1.0000
    0.1758    0.3685    0.7082   -1.0000
    0.4132    0.2457    0.8822    1.0000
    0.6948    0.6801    0.0310   -1.0000
    0.6467    0.0563    0.7379    1.0000
    0.9845    0.7026    0.7449   -1.0000
    0.5794    0.9489    0.0949    1.0000
    0.9151    0.4899    0.3332   -1.0000
    0.8583    0.0263    0.2148    1.0000
    0.4847    0.8988    0.7233   -1.0000
    0.8696    0.4070    0.0948    1.0000
    0.0294    0.5141    0.5007   -1.0000
    0.7874    0.8164    0.7303    1.0000
    0.7710    0.3326    0.5877   -1.0000
    0.8056    0.1623    0.5957    1.0000
    0.9472    0.4359    0.2612   -1.0000
    0.9341    0.1784    0.9925    1.0000
    0.7219    0.5295    0.2805   -1.0000
    0.1255    0.1326    0.7465    1.0000
    0.3416    0.3711    0.4092   -1.0000
    0.8336    0.6188    0.1709    1.0000
    0.0901    0.2448    0.0899   -1.0000
    0.1771    0.1832    0.2961    1.0000
    0.6283    0.7637    0.5128   -1.0000
    0.6847    0.3083    0.2922    1.0000
    0.3836    0.3071    0.4124   -1.0000
    0.4507    0.2313    0.9183    1.0000
    0.8209    0.9516    0.8295   -1.0000
    0.2357    0.6027    0.5406    1.0000
    0.7794    0.8770    0.3678   -1.0000
    0.8168    0.7102    0.6966    1.0000
    0.2367    0.1356    0.2952   -1.0000
    0.1267    0.3850    0.9646    1.0000
    0.2266    0.2825    0.7257   -1.0000
    0.1452    0.8454    0.7651    1.0000
    0.8106    0.8996    0.8861   -1.0000
    0.0156    0.5558    0.7786    1.0000
    0.0793    0.2421    0.4554   -1.0000
    0.4652    0.8892    0.2694    1.0000
    0.1249    0.2364    0.2570   -1.0000
    0.0795    0.6701    0.5248    1.0000
    0.6839    0.4915    0.2824   -1.0000
    0.5241    0.9248    0.7530    1.0000
    0.4969    0.8924    0.9166   -1.0000
    0.4550    0.3263    0.3368    1.0000
    0.2566    0.2350    0.3600   -1.0000
    0.2834    0.9857    0.4921    1.0000
    0.6908    0.1544    0.4433   -1.0000
    0.1605    0.4014    0.5967    1.0000
    0.8448    0.9090    0.1442   -1.0000
    0.5603    0.3883    0.3026    1.0000
    0.7493    0.9754    0.3565   -1.0000
    0.5058    0.7955    0.6879    1.0000
    0.2624    0.6264    0.2863   -1.0000
    0.1308    0.7598    0.6412    1.0000
    0.5161    0.6970    0.4426   -1.0000
    0.1760    0.9538    0.0215    1.0000
    0.5728    0.9954    0.1678   -1.0000
    0.5053    0.4094    0.9382    1.0000
    0.4916    0.7027    0.3637   -1.0000
    0.3497    0.9365    0.7245    1.0000
    0.8289    0.4884    0.5677   -1.0000
    0.7292    0.6671    0.2492    1.0000
    0.3001    0.4802    0.9577   -1.0000
    0.6464    0.6806    0.9424    1.0000
    0.9980    0.4178    0.7658   -1.0000
    0.4472    0.6740    0.0945    1.0000
    0.6855    0.2846    0.2344   -1.0000
    0.2592    0.9694    0.7858    1.0000
    0.7061    0.9823    0.6912   -1.0000
    0.2044    0.5137    0.4717    1.0000
    0.4693    0.9482    0.5935   -1.0000
    0.1604    0.9662    0.6048    1.0000
    0.7751    0.5844    0.6936   -1.0000
    0.8283    0.2190    0.2500    1.0000
    0.5936    0.1686    0.6625   -1.0000
    0.7314    0.1419    0.4208    1.0000
    0.2132    0.2817    0.6853   -1.0000
    0.7627    0.3550    0.5977    1.0000
    0.1720    0.2483    0.0526   -1.0000
    0.1665    0.7942    0.0624    1.0000
    0.0944    0.4340    0.0118   -1.0000
    0.1719    0.9814    0.5435    1.0000
    0.9154    0.9734    0.1225   -1.0000
    0.0055    0.0142    0.9731    1.0000
    0.3602    0.4444    0.4315   -1.0000
    0.2052    0.4706    0.6912    1.0000
    0.4463    0.4175    0.2303   -1.0000
    0.8604    0.9400    0.3164    1.0000
    0.9706    0.8882    0.8221   -1.0000
    0.6446    0.8350    0.0474    1.0000
    0.5914    0.9924    0.2564   -1.0000
    0.1062    0.2428    0.3228    1.0000
    0.5581    0.2963    0.7087   -1.0000
    0.4358    0.8462    0.2491    1.0000
    0.8210    0.8257    0.2551   -1.0000
    0.7336    0.6638    0.7859    1.0000
    0.7538    0.9973    0.7704   -1.0000
    0.8812    0.3506    0.8098    1.0000
    0.9703    0.2371    0.4227   -1.0000
    0.9965    0.6118    0.0185    1.0000
    0.9582    0.0548    0.9686   -1.0000
    0.4160    0.8510    0.8875    1.0000
    0.4818    0.0902    0.4914   -1.0000
    0.6272    0.6052    0.5794    1.0000
    0.6726    0.3908    0.0400   -1.0000
    0.0885    0.9914    0.2629    1.0000
    0.0437    0.7383    0.3537   -1.0000
    0.7629    0.7841    0.0283    1.0000
    0.8034    0.9135    0.9553   -1.0000
    0.9368    0.8859    0.8361    1.0000
    0.9108    0.5680    0.8810   -1.0000
    0.2106    0.7858    0.4195    1.0000
    0.6310    0.9951    0.1428   -1.0000
    0.3689    0.0168    0.5157    1.0000
    0.6177    0.1470    0.1074   -1.0000
    0.9575    0.9010    0.8016    1.0000
    0.0884    0.0252    0.8348   -1.0000
    0.1474    0.9255    0.9335    1.0000
    0.1071    0.8776    0.4063   -1.0000
    0.1391    0.7967    0.1329    1.0000
    0.4882    0.7587    0.9567   -1.0000
    0.9423    0.3220    0.9240    1.0000
    0.6268    0.6447    0.6113   -1.0000
    0.0479    0.6768    0.9660    1.0000
    0.9241    0.4163    0.3220   -1.0000
    0.1241    0.7484    0.3177    1.0000
    0.0295    0.7297    0.6828   -1.0000
    0.5145    0.8080    0.8954    1.0000
    0.9924    0.4045    0.2381   -1.0000
    0.1370    0.4330    0.8402    1.0000
    0.6836    0.3037    0.3722   -1.0000
    0.1781    0.3588    0.2558    1.0000
    0.3841    0.1962    0.4476   -1.0000
    0.0826    0.2613    0.4726    1.0000
    0.4328    0.0204    0.1585   -1.0000
    0.6616    0.5850    0.1812    1.0000
    0.3493    0.6272    0.5119   -1.0000
    0.8417    0.1023    0.9614    1.0000
    0.1540    0.7350    0.9924   -1.0000
    0.4698    0.4641    0.6104    1.0000
    0.9597    0.2820    0.9332   -1.0000
    0.2551    0.7822    0.3081    1.0000
    0.2712    0.1466    0.9833   -1.0000
    0.0628    0.7469    0.3031    1.0000
    0.6864    0.6446    0.1185   -1.0000
    0.4356    0.2802    0.1299    1.0000
    0.5441    0.3311    0.0643   -1.0000
    0.0876    0.4095    0.7316    1.0000
    0.8446    0.4082    0.6984   -1.0000
    0.4325    0.2173    0.7188    1.0000
    0.4105    0.9180    0.6449   -1.0000
    0.3832    0.3555    0.1674    1.0000
    0.5765    0.6913    0.6076   -1.0000
    0.9464    0.7574    0.2083    1.0000
    0.6130    0.7048    0.8538   -1.0000
    0.4915    0.8624    0.6832    1.0000
    0.1220    0.9384    0.0069   -1.0000
    0.1625    0.6314    0.2060    1.0000
    0.6816    0.5504    0.7829   -1.0000
    0.2709    0.2495    0.9355    1.0000
    0.1500    0.2232    0.5695   -1.0000
    0.6688    0.2858    0.5243    1.0000
    0.2203    0.5656    0.3648   -1.0000
    0.4901    0.4394    0.9343    1.0000
    0.9450    0.8489    0.1015   -1.0000
    0.8250    0.2876    0.5273    1.0000
    0.1030    0.4515    0.3019   -1.0000
    0.6161    0.3586    0.6113    1.0000
    0.8532    0.8539    0.5465   -1.0000
    0.6389    0.3159    0.0779    1.0000
    0.0117    0.6373    0.4811   -1.0000
    0.0464    0.5505    0.3428    1.0000
    0.0202    0.6446    0.5496   -1.0000
    0.4149    0.8047    0.1586    1.0000
    0.7522    0.4874    0.4203   -1.0000
    0.6812    0.9943    0.9831    1.0000
    0.9981    0.5199    0.6647   -1.0000
    0.8105    0.2273    0.6712    1.0000
    0.5186    0.2413    0.4384   -1.0000
    0.6226    0.6633    0.6531    1.0000
    0.9197    0.6072    0.0570   -1.0000
    0.4153    0.4730    0.2829    1.0000
    0.2712    0.5832    0.5354   -1.0000
    0.3591    0.5482    0.0909    1.0000
    0.2868    0.4918    0.5599   -1.0000
    0.4213    0.5112    0.3959    1.0000
    0.1487    0.8846    0.3547   -1.0000
    0.5823    0.5884    0.6297    1.0000
    0.6047    0.7086    0.7214   -1.0000
    0.4125    0.1856    0.0239    1.0000
    0.4058    0.8659    0.8749   -1.0000
    0.8062    0.5464    0.6897    1.0000
    0.6790    0.8124    0.1306   -1.0000
    0.1697    0.7017    0.3515    1.0000
    0.6298    0.8298    0.2577   -1.0000
    0.8668    0.9511    0.4555    1.0000
    0.3262    0.1578    0.8101   -1.0000
    0.8063    0.6879    0.2238    1.0000
    0.3335    0.0502    0.1661   -1.0000
    0.3922    0.8932    0.6634    1.0000
    0.3292    0.8246    0.2422   -1.0000
    0.9074    0.2915    0.6232    1.0000
    0.8068    0.0320    0.8793   -1.0000
    0.9885    0.6493    0.3787    1.0000
    0.7313    0.9200    0.4954   -1.0000
    0.1808    0.4734    0.0714    1.0000
    0.9163    0.5118    0.2546   -1.0000
    0.4046    0.9592    0.6571    1.0000
    0.7693    0.1145    0.2640   -1.0000
    0.8113    0.7587    0.4232    1.0000
    0.6896    0.6876    0.1828   -1.0000
    0.0122    0.0283    0.1015    1.0000
    0.8431    0.1035    0.3207   -1.0000
    0.7299    0.3659    0.5102    1.0000
    0.2588    0.5771    0.4676   -1.0000
    0.7311    0.1049    0.9797    1.0000
    0.4154    0.7948    0.4309   -1.0000
    0.8106    0.4847    0.5390    1.0000
    0.0109    0.6053    0.2297   -1.0000
    0.6901    0.5170    0.1963    1.0000
    0.8390    0.0975    0.2709   -1.0000
    0.4455    0.5739    0.1073    1.0000
    0.1105    0.0160    0.4254   -1.0000
    0.3005    0.2720    0.6557    1.0000
    0.7661    0.9105    0.4790   -1.0000
    0.8740    0.0831    0.6741    1.0000
    0.7399    0.3850    0.6589   -1.0000
    0.0194    0.5983    0.3344    1.0000
    0.1141    0.6680    0.5431   -1.0000
    0.1774    0.3959    0.4922    1.0000
    0.4379    0.6354    0.1527   -1.0000
    0.9293    0.8702    0.2656    1.0000
    0.5091    0.4904    0.0415   -1.0000
    0.4047    0.3785    0.1669    1.0000
    0.8495    0.6528    0.5188   -1.0000
    0.7210    0.0812    0.9277    1.0000
    0.0340    0.2265    0.4998   -1.0000
    0.1423    0.2522    0.9082    1.0000
    0.5377    0.8585    0.5233   -1.0000
    0.8496    0.2384    0.1158    1.0000
    0.6472    0.1076    0.2855   -1.0000
    0.0984    0.2863    0.9124    1.0000
    0.5138    0.2648    0.3425   -1.0000
    0.4914    0.7919    0.2568    1.0000
    0.6187    0.9960    0.0135   -1.0000
    0.4588    0.5209    0.8773    1.0000
    0.1513    0.1852    0.9299   -1.0000
    0.7842    0.1596    0.9367    1.0000
    0.0654    0.3805    0.6920   -1.0000
    0.0279    0.8874    0.9166    1.0000
    0.4385    0.2282    0.6091   -1.0000
    0.9254    0.6356    0.0548    1.0000
    0.9922    0.2956    0.2401   -1.0000
    0.3859    0.2611    0.2247    1.0000
    0.3681    0.1743    0.7681   -1.0000
    0.5837    0.3149    0.9043    1.0000
    0.8981    0.4348    0.0706   -1.0000
    0.6450    0.8383    0.9037    1.0000
    0.6201    0.4250    0.0059   -1.0000
    0.9701    0.5307    0.3407    1.0000
    0.5919    0.8913    0.4535   -1.0000
    0.6942    0.9149    0.1114    1.0000
    0.2234    0.4882    0.7983   -1.0000
    0.4411    0.1696    0.8831    1.0000
    0.0287    0.3588    0.8642   -1.0000
    0.7352    0.6560    0.4961    1.0000
    0.0984    0.2629    0.4641   -1.0000
    0.5119    0.5965    0.4706    1.0000
    0.4137    0.5132    0.1568   -1.0000
    0.2424    0.1957    0.7000    1.0000
    0.5475    0.1014    0.3475   -1.0000
    0.8838    0.1156    0.8697    1.0000
    0.7150    0.1677    0.8828   -1.0000
    0.0773    0.7031    0.6695    1.0000
    0.6881    0.9886    0.0603   -1.0000
    0.6216    0.4868    0.3047    1.0000
    0.1460    0.9555    0.9605   -1.0000
    0.8738    0.7501    0.3799    1.0000
    0.6179    0.7104    0.0583   -1.0000
    0.5650    0.5450    0.9739    1.0000
    0.1183    0.6346    0.1474   -1.0000
    0.2144    0.0345    0.7741    1.0000
    0.2577    0.7857    0.6097   -1.0000
    0.0296    0.9097    0.3740    1.0000
    0.4140    0.9246    0.4564   -1.0000
    0.9677    0.1975    0.7854    1.0000
    0.8383    0.7717    0.3865   -1.0000
    0.9483    0.5404    0.5470    1.0000
    0.2968    0.7491    0.1182   -1.0000
    0.1653    0.9915    0.0673    1.0000
    0.7584    0.4326    0.1415   -1.0000
    0.0501    0.9658    0.2284    1.0000
    0.3871    0.1480    0.5812   -1.0000
    0.4328    0.1030    0.0051    1.0000
    0.3944    0.8810    0.2930   -1.0000
    0.6875    0.7382    0.9036    1.0000
    0.7209    0.6439    0.6774   -1.0000
    0.7319    0.8986    0.9338    1.0000
    0.4411    0.3511    0.9309   -1.0000
    0.9540    0.0686    0.3418    1.0000
    0.0138    0.3961    0.6051   -1.0000
    0.1461    0.4062    0.0755    1.0000
    0.6157    0.3324    0.0851   -1.0000
    0.7512    0.7467    0.2314    1.0000
    0.3146    0.1618    0.0423   -1.0000
    0.5538    0.6716    0.9876    1.0000
    0.8987    0.1485    0.0884   -1.0000
    0.3526    0.8507    0.7033    1.0000
    0.1631    0.1979    0.9375   -1.0000
    0.2624    0.0408    0.6488    1.0000
    0.3867    0.7045    0.0692   -1.0000
    0.9310    0.2549    0.6725    1.0000
    0.2524    0.9445    0.3263   -1.0000
    0.9368    0.2615    0.8423    1.0000
    0.6506    0.6345    0.2982   -1.0000
    0.6532    0.9792    0.7013    1.0000
    0.3539    0.7403    0.2951   -1.0000
    0.4701    0.7585    0.5407    1.0000
    0.8081    0.1508    0.2008   -1.0000
    0.7643    0.2972    0.4973    1.0000
    0.6301    0.4242    0.1936   -1.0000
    0.0683    0.1086    0.4384    1.0000
    0.3887    0.2519    0.6420   -1.0000
    0.6474    0.6222    0.0302    1.0000
    0.2488    0.7131    0.7335   -1.0000
    0.8884    0.5389    0.1916    1.0000
    0.7725    0.6184    0.9385   -1.0000
    0.4919    0.3543    0.8142    1.0000
    0.3212    0.9762    0.3783   -1.0000
    0.0927    0.0210    0.5292    1.0000
    0.0969    0.9148    0.7236   -1.0000
    0.4580    0.2709    0.8314    1.0000
    0.0574    0.5553    0.5948   -1.0000
    0.3070    0.3660    0.9937    1.0000
    0.6172    0.8167    0.6009   -1.0000
    0.0542    0.0595    0.4343    1.0000
    0.6871    0.6733    0.3592   -1.0000
    0.4913    0.1730    0.1119    1.0000
    0.5743    0.3715    0.3574   -1.0000
    0.0954    0.9850    0.4232    1.0000
    0.7656    0.7453    0.8662   -1.0000
    0.8094    0.5216    0.2562    1.0000
    0.8831    0.8479    0.0208   -1.0000
    0.0600    0.6893    0.2607    1.0000
    0.0209    0.5917    0.0396   -1.0000
    0.1027    0.3612    0.0079    1.0000
    0.4647    0.1168    0.7185   -1.0000
    0.6676    0.5592    0.5672    1.0000
    0.4666    0.3708    0.0350   -1.0000
    0.8648    0.9607    0.9100    1.0000
    0.7552    0.2858    0.3299   -1.0000
    0.4708    0.5692    0.6027    1.0000
    0.2381    0.5764    0.3684   -1.0000
    0.2716    0.9855    0.6479    1.0000
    0.3910    0.1159    0.3084   -1.0000
    0.0414    0.3802    0.7237    1.0000
    0.7770    0.1005    0.9199   -1.0000
    0.6872    0.1145    0.7588    1.0000
    0.7469    0.8177    0.5999   -1.0000
    0.5679    0.8247    0.9658    1.0000
    0.0480    0.1619    0.8306   -1.0000
    0.0105    0.6576    0.8531    1.0000
    0.3695    0.7217    0.3871   -1.0000
    0.9310    0.4721    0.5245    1.0000
    0.0355    0.2217    0.8082   -1.0000
    0.1107    0.4407    0.6765    1.0000
    0.4604    0.0204    0.6905   -1.0000
    0.2272    0.2177    0.0801    1.0000
    0.5405    0.5941    0.0744   -1.0000
    0.1822    0.4126    0.1678    1.0000
    0.8824    0.9105    0.4307   -1.0000
    0.1308    0.5069    0.7958    1.0000
    0.5993    0.6804    0.4668   -1.0000
    0.7120    0.2892    0.0285    1.0000
    0.4988    0.1953    0.9638   -1.0000
    0.7631    0.6128    0.3863    1.0000
    0.9114    0.5359    0.7496   -1.0000
    0.4079    0.3411    0.7469    1.0000
    0.8050    0.3940    0.7751   -1.0000
    0.5078    0.3943    0.3828    1.0000
    0.8834    0.7304    0.7662   -1.0000
    0.4891    0.4078    0.8742    1.0000
    0.2476    0.0170    0.0974   -1.0000
    0.8084    0.9816    0.4955    1.0000
    0.4295    0.6961    0.2185   -1.0000
    0.0763    0.4607    0.3842    1.0000
    0.2410    0.7604    0.9651   -1.0000
    0.0949    0.7798    0.1886    1.0000
    0.0095    0.4101    0.1413   -1.0000
    0.5328    0.5578    0.6934    1.0000
    0.8764    0.0196    0.6866   -1.0000
    0.9864    0.9858    0.4561    1.0000
    0.3480    0.9829    0.4859   -1.0000
    0.3151    0.3814    0.0180    1.0000
    0.5036    0.1270    0.3052   -1.0000
    0.2561    0.0023    0.7727    1.0000
    0.6618    0.3980    0.5011   -1.0000
    0.6126    0.1331    0.2834    1.0000
    0.8374    0.8659    0.0548   -1.0000
    0.4932    0.8301    0.9185    1.0000
    0.8012    0.9788    0.5715   -1.0000
    0.0638    0.0864    0.9768    1.0000
    0.4487    0.8942    0.9112   -1.0000
    0.9614    0.7781    0.9481    1.0000
    0.6791    0.7142    0.1376   -1.0000
    0.0828    0.1122    0.3692    1.0000
    0.9654    0.3624    0.9304   -1.0000
    0.0960    0.1219    0.4886    1.0000
    0.9225    0.1348    0.1444   -1.0000
    0.3333    0.4550    0.0084    1.0000
    0.4083    0.1809    0.8734   -1.0000
    0.5489    0.8613    0.0531    1.0000
    0.5110    0.1458    0.4387   -1.0000
    0.4553    0.3181    0.9255    1.0000
    0.7215    0.6366    0.9458   -1.0000
    0.7303    0.5219    0.6472    1.0000
    0.7360    0.8710    0.8671   -1.0000
    0.2289    0.3010    0.4099    1.0000
    0.1923    0.1946    0.1496   -1.0000
    0.8552    0.9307    0.7796    1.0000
    0.1583    0.7292    0.1935   -1.0000
    0.4582    0.8554    0.1318    1.0000
    0.6139    0.6384    0.7520   -1.0000
    0.2567    0.5487    0.9380    1.0000
    0.9501    0.6055    0.8106   -1.0000
    0.3151    0.2721    0.4287    1.0000
    0.7473    0.4650    0.9837   -1.0000
    0.8487    0.3219    0.1786    1.0000
    0.8552    0.8604    0.1050   -1.0000
    0.7605    0.1391    0.6071    1.0000
    0.7927    0.2118    0.0321   -1.0000
    0.8034    0.0393    0.7410    1.0000
    0.3393    0.4161    0.1938   -1.0000
    0.9471    0.1356    0.4694    1.0000
    0.8513    0.2468    0.4314   -1.0000
    0.9942    0.9277    0.0430    1.0000
    0.5477    0.0015    0.7248   -1.0000
    0.6188    0.3723    0.2942    1.0000
    0.0551    0.7007    0.8930   -1.0000
    0.7260    0.5855    0.9522    1.0000
    0.3607    0.0913    0.4869   -1.0000
    0.1656    0.2573    0.0017    1.0000
    0.7633    0.7638    0.0157   -1.0000
    0.1237    0.0804    0.0781    1.0000
    0.5912    0.4961    0.4929   -1.0000
    0.6482    0.8407    0.0171    1.0000
    0.8441    0.7719    0.2891   -1.0000
    0.7006    0.9130    0.9449    1.0000
    0.2680    0.1544    0.3706   -1.0000
    0.2228    0.0263    0.1811    1.0000
    0.2438    0.9971    0.6549   -1.0000
    0.1178    0.8248    0.7314    1.0000
    0.7144    0.5572    0.3811   -1.0000
    0.3474    0.0854    0.2122    1.0000
    0.0886    0.7595    0.0696   -1.0000
    0.5858    0.2828    0.5217    1.0000
    0.9743    0.6842    0.4015   -1.0000
    0.1048    0.4149    0.5477    1.0000
    0.2314    0.0060    0.5411   -1.0000
    0.8799    0.3784    0.8265    1.0000
    0.1527    0.6003    0.8384   -1.0000
    0.3223    0.4060    0.4145    1.0000
    0.5781    0.1286    0.1042   -1.0000
    0.1436    0.4398    0.4718    1.0000
    0.6867    0.3593    0.3095   -1.0000
    0.0412    0.9475    0.0746    1.0000
    0.9497    0.2325    0.0855   -1.0000
    0.7285    0.7540    0.8952    1.0000
    0.6029    0.4817    0.3207   -1.0000
    0.4632    0.4575    0.5896    1.0000
    0.7345    0.9993    0.8279   -1.0000
    0.2795    0.8318    0.5282    1.0000
    0.0074    0.7570    0.8506   -1.0000
    0.2251    0.4498    0.8875    1.0000
    0.0925    0.4964    0.2286   -1.0000
    0.1107    0.4502    0.0319    1.0000
    0.2337    0.4914    0.3442   -1.0000
    0.5907    0.2322    0.8901    1.0000
    0.5675    0.8303    0.1679   -1.0000
    0.3140    0.5766    0.1217    1.0000
    0.6683    0.1806    0.1780   -1.0000
    0.8102    0.0575    0.5833    1.0000
    0.7042    0.9041    0.2895   -1.0000
    0.8599    0.4099    0.9980    1.0000
    0.6164    0.9601    0.0388   -1.0000
    0.1803    0.1111    0.1863    1.0000
    0.8775    0.6152    0.7577   -1.0000
    0.5449    0.1966    0.7606    1.0000
    0.1723    0.8616    0.8315   -1.0000
    0.7491    0.7212    0.5231    1.0000
    0.9122    0.2809    0.1107   -1.0000
    0.3544    0.1178    0.6059    1.0000
    0.3599    0.5751    0.6194   -1.0000
    0.7209    0.5572    0.4495    1.0000
    0.3455    0.0603    0.4440   -1.0000
    0.2209    0.7248    0.7429    1.0000
    0.2610    0.0039    0.7857   -1.0000
    0.9870    0.6085    0.3594    1.0000
    0.9643    0.8732    0.4351   -1.0000
    0.1533    0.6514    0.1605    1.0000
    0.3195    0.1488    0.1612   -1.0000
    0.2521    0.4825    0.4281    1.0000
    0.8950    0.2876    0.3001   -1.0000
    0.5648    0.7675    0.9064    1.0000
    0.3661    0.3059    0.6038   -1.0000
    0.4892    0.2444    0.8724    1.0000
    0.5313    0.7317    0.4048   -1.0000
    0.7220    0.7038    0.2974    1.0000
    0.0806    0.6192    0.4684   -1.0000
    0.9528    0.3352    0.6936    1.0000
    0.4648    0.2534    0.4771   -1.0000
    0.6119    0.4488    0.0861    1.0000
    0.9729    0.1987    0.0897   -1.0000
    0.5430    0.1624    0.0048    1.0000
    0.5459    0.6307    0.3931   -1.0000
    0.5675    0.0833    0.5009    1.0000
    0.0861    0.2520    0.1730   -1.0000
    0.0327    0.8765    0.0577    1.0000
    0.4676    0.6073    0.3577   -1.0000
    0.4463    0.7962    0.8138    1.0000
    0.3030    0.2469    0.3893   -1.0000
    0.1643    0.7512    0.0606    1.0000
    0.0913    0.9399    0.5837   -1.0000
    0.8580    0.3803    0.3604    1.0000
    0.2921    0.0856    0.6456   -1.0000
    0.9332    0.5444    0.6700    1.0000
    0.9251    0.5747    0.9128   -1.0000
    0.9275    0.2877    0.9407    1.0000
    0.8146    0.5252    0.8196   -1.0000
    0.6966    0.8745    0.5677    1.0000
    0.6784    0.0288    0.7594   -1.0000
    0.1754    0.5599    0.5322    1.0000
    0.3040    0.7001    0.9521   -1.0000
    0.5448    0.2591    0.0211    1.0000
    0.7574    0.0079    0.2655   -1.0000
    0.5501    0.1385    0.4460    1.0000
    0.1418    0.8756    0.5501   -1.0000
    0.5846    0.5308    0.8596    1.0000
    0.5072    0.7363    0.8575   -1.0000
    0.1143    0.4333    0.2848    1.0000
    0.8686    0.0670    0.6114   -1.0000
    0.3443    0.2697    0.5701    1.0000
    0.1322    0.1350    0.9350   -1.0000
    0.3356    0.1976    0.0716    1.0000
    0.9118    0.9569    0.3593   -1.0000
    0.0961    0.8935    0.3836    1.0000
    0.1581    0.6419    0.0384   -1.0000
    0.0668    0.5390    0.9183    1.0000
    0.1667    0.1246    0.0137   -1.0000
    0.7628    0.7228    0.8544    1.0000
    0.2500    0.6149    0.0486   -1.0000
    0.1128    0.3481    0.4719    1.0000
    0.0795    0.6820    0.5253   -1.0000
    0.5159    0.9404    0.1317    1.0000
    0.6508    0.8472    0.3459   -1.0000
    0.0681    0.0115    0.0068    1.0000
    0.2925    0.2177    0.3019   -1.0000
    0.5954    0.5637    0.2180    1.0000
    0.3906    0.3381    0.7459   -1.0000
    0.3690    0.4232    0.5714    1.0000
    0.5881    0.0287    0.0911   -1.0000
    0.5010    0.9183    0.2476    1.0000
    0.6529    0.0652    0.0163   -1.0000
    0.5201    0.6523    0.3942    1.0000
    0.3806    0.3696    0.7531   -1.0000
    0.6119    0.2392    0.9253    1.0000
    0.3819    0.3735    0.3298   -1.0000
    0.9038    0.4661    0.5082    1.0000
    0.7947    0.1351    0.2050   -1.0000
    0.1902    0.0019    0.8578    1.0000
    0.0100    0.0087    0.8405   -1.0000
    0.7700    0.8572    0.9335    1.0000
    0.0151    0.1898    0.6941   -1.0000
    0.9773    0.5753    0.5624    1.0000
    0.9418    0.6864    0.3312   -1.0000
    0.3401    0.9344    0.3075    1.0000
    0.0388    0.5678    0.6508   -1.0000
    0.7387    0.9564    0.3061    1.0000
    0.7591    0.2813    0.9019   -1.0000
    0.6706    0.2915    0.3235    1.0000
    0.7168    0.1842    0.4403   -1.0000
    0.3645    0.2135    0.5335    1.0000
    0.8323    0.4728    0.6324   -1.0000
    0.1970    0.9975    0.0023    1.0000
    0.6153    0.8245    0.4141   -1.0000
    0.8963    0.5120    0.9617    1.0000
    0.6079    0.6661    0.9215   -1.0000
    0.4487    0.6333    0.2115    1.0000
    0.5603    0.1036    0.2923   -1.0000
    0.5440    0.1809    0.2761    1.0000
    0.2326    0.5488    0.5570   -1.0000
    0.6205    0.0007    0.1878    1.0000
    0.4763    0.0182    0.4749   -1.0000
    0.0766    0.2507    0.5812    1.0000
    0.1510    0.4102    0.8930   -1.0000
    0.8544    0.5428    0.4605    1.0000
    0.1494    0.4889    0.5691   -1.0000
    0.3415    0.4179    0.1768    1.0000
    0.8348    0.6758    0.1854   -1.0000
    0.6111    0.7052    0.0283    1.0000
    0.5209    0.2591    0.5082   -1.0000
    0.9732    0.8182    0.8588    1.0000
    0.8966    0.2995    0.8800   -1.0000
    0.2552    0.1921    0.1866    1.0000
    0.8611    0.4446    0.3866   -1.0000
    0.8320    0.2065    0.8978    1.0000
    0.4595    0.1634    0.2687   -1.0000
    0.5207    0.7724    0.3874    1.0000
    0.0444    0.9868    0.5230   -1.0000
    0.8437    0.8919    0.6856    1.0000
    0.5178    0.4420    0.3801   -1.0000
    0.0318    0.2159    0.0853    1.0000
    0.7969    0.4018    0.0498   -1.0000
    0.3165    0.8712    0.9314    1.0000
    0.4257    0.8662    0.4806   -1.0000
    0.9083    0.2505    0.5266    1.0000
    0.2448    0.8384    0.5257   -1.0000
    0.3498    0.2571    0.1688    1.0000
    0.5992    0.8110    0.8489   -1.0000
    0.8448    0.2350    0.5083    1.0000
    0.6694    0.0907    0.5430   -1.0000
    0.2980    0.3818    0.5339    1.0000
    0.4265    0.2320    0.0284   -1.0000
    0.0260    0.2743    0.6945    1.0000
    0.3300    0.7505    0.7957   -1.0000
    0.0537    0.0092    0.7281    1.0000
    0.6644    0.5853    0.9190   -1.0000
    0.1673    0.9720    0.2196    1.0000
    0.0382    0.2290    0.7078   -1.0000
    0.3526    0.7095    0.5887    1.0000
    0.1088    0.6468    0.7311   -1.0000
    0.8634    0.0226    0.1512    1.0000
    0.5252    0.2266    0.8417   -1.0000
    0.4300    0.2994    0.5772    1.0000
    0.3448    0.8570    0.2866   -1.0000
    0.4410    0.7664    0.3830    1.0000
    0.2388    0.3939    0.1958   -1.0000
    0.4407    0.6184    0.2319    1.0000
    0.8714    0.7314    0.3199   -1.0000
    0.8118    0.4589    0.6760    1.0000
    0.2878    0.7305    0.7342   -1.0000
    0.7079    0.2095    0.1712    1.0000
    0.5337    0.7089    0.0010   -1.0000
    0.1910    0.7360    0.9955    1.0000
    0.1971    0.2329    0.3352   -1.0000
    0.1390    0.3365    0.5661    1.0000
    0.4610    0.8915    0.1174   -1.0000
    0.1062    0.3919    0.6967    1.0000
    0.8885    0.0462    0.2922   -1.0000
    0.9537    0.7610    0.0558    1.0000
    0.0284    0.9271    0.3706   -1.0000
    0.0158    0.5036    0.9492    1.0000
    0.9324    0.0537    0.9146   -1.0000
    0.5038    0.1915    0.6188    1.0000
    0.8753    0.4199    0.9304   -1.0000
    0.5304    0.8444    0.7605    1.0000
    0.6489    0.9293    0.6986   -1.0000
    0.2283    0.7034    0.2380    1.0000
    0.5403    0.3773    0.6329   -1.0000
    0.9876    0.7769    0.7169    1.0000
    0.8426    0.2619    0.4613   -1.0000
    0.3629    0.6170    0.3094    1.0000
    0.6327    0.7791    0.8880   -1.0000
    0.6788    0.2144    0.1967    1.0000
    0.4106    0.7670    0.7867   -1.0000
    0.5996    0.1601    0.1876    1.0000
    0.8591    0.5153    0.4690   -1.0000
    0.0053    0.7576    0.5137    1.0000
    0.4419    0.9745    0.3503   -1.0000
    0.1977    0.4786    0.8889    1.0000
    0.5598    0.2491    0.2650   -1.0000
    0.5634    0.7932    0.0212    1.0000
    0.7369    0.4011    0.7101   -1.0000
    0.6411    0.6478    0.9587    1.0000
    0.5157    0.0128    0.8286   -1.0000
    0.6265    0.6084    0.7060    1.0000
    0.5351    0.0611    0.5556   -1.0000
    0.0669    0.7520    0.0354    1.0000
    0.9586    0.3738    0.9968   -1.0000
    0.7587    0.0834    0.5127    1.0000
    0.8669    0.6593    0.0689   -1.0000
    0.9251    0.0394    0.9907    1.0000
    0.6996    0.8620    0.1684   -1.0000
    0.6905    0.8485    0.2295    1.0000
    0.1249    0.0512    0.6395   -1.0000
    0.0782    0.7707    0.5571    1.0000
    0.0941    0.7285    0.4201   -1.0000
    0.6708    0.8067    0.8898    1.0000
    0.6682    0.8290    0.9680   -1.0000
    0.7496    0.5811    0.9525    1.0000
    0.2148    0.2060    0.9854   -1.0000
    0.5164    0.2382    0.3862    1.0000
    0.2128    0.2984    0.6881   -1.0000
    0.6226    0.1036    0.2860    1.0000
    0.6014    0.8685    0.8157   -1.0000
    0.3749    0.4830    0.7778    1.0000
    0.2190    0.1552    0.2469   -1.0000
    0.9772    0.5408    0.6646    1.0000
    0.6731    0.6136    0.0666   -1.0000
    0.4609    0.3510    0.6052    1.0000
    0.6122    0.3042    0.8391   -1.0000
    0.1729    0.0055    0.2170    1.0000
    0.5349    0.3425    0.1657   -1.0000
    0.6118    0.2849    0.3023    1.0000
    0.5007    0.5287    0.0142   -1.0000
    0.1181    0.1391    0.7621    1.0000
    0.2070    0.5035    0.2338   -1.0000
    0.6621    0.6418    0.8497    1.0000
    0.8739    0.9468    0.8086   -1.0000
    0.0767    0.3000    0.1052    1.0000
    0.7029    0.4527    0.3496   -1.0000
    0.8054    0.0573    0.1883    1.0000
    0.2795    0.7531    0.4067   -1.0000
    0.3184    0.4386    0.3504    1.0000
    0.4608    0.4122    0.9471   -1.0000
    0.9479    0.4604    0.3702    1.0000
    0.3367    0.4884    0.8515   -1.0000
    0.0681    0.5262    0.3288    1.0000
    0.3421    0.7310    0.8332   -1.0000
    0.7078    0.1582    0.9768    1.0000
    0.5598    0.4722    0.3953   -1.0000
    0.0844    0.2764    0.3670    1.0000
    0.7972    0.0118    0.2297   -1.0000
    0.6871    0.0367    0.7863    1.0000
    0.6610    0.7551    0.5177   -1.0000
    0.9903    0.1779    0.4370    1.0000
    0.6306    0.6736    0.9175   -1.0000
    0.9076    0.0638    0.6372    1.0000
    0.4811    0.2875    0.7215   -1.0000
    0.5049    0.6773    0.8024    1.0000
    0.6833    0.1155    0.9576   -1.0000
    0.3356    0.3183    0.6683    1.0000
    0.1468    0.2780    0.6594   -1.0000
    0.5422    0.2841    0.9762    1.0000
    0.5746    0.7272    0.8793   -1.0000
    0.6621    0.5218    0.2548    1.0000
    0.6737    0.8591    0.4725   -1.0000
    0.9125    0.0625    0.4876    1.0000
    0.9151    0.4898    0.4843   -1.0000
    0.2741    0.0911    0.6659    1.0000
    0.1256    0.1088    0.4429   -1.0000
    0.5531    0.9625    0.5715    1.0000
    0.0759    0.3625    0.0195   -1.0000
    0.4639    0.9559    0.9776    1.0000
    0.1430    0.2728    0.9709   -1.0000
    0.7719    0.6059    0.8424    1.0000
    0.6786    0.9235    0.9747   -1.0000
    0.0581    0.0264    0.7098    1.0000
    0.6400    0.4679    0.5572   -1.0000
    0.0943    0.8199    0.3747    1.0000
    0.9122    0.8394    0.5929   -1.0000
    0.0959    0.2383    0.0233    1.0000
    0.1540    0.8804    0.1190   -1.0000
    0.8599    0.8655    0.8955    1.0000
    0.0117    0.7961    0.1821   -1.0000
    0.0323    0.1631    0.5482    1.0000
    0.7684    0.7795    0.3491   -1.0000
    0.7083    0.3306    0.6161    1.0000
    0.4589    0.2191    0.4321   -1.0000
    0.6394    0.8311    0.7087    1.0000
    0.1798    0.5799    0.7779   -1.0000
    0.7590    0.2506    0.3438    1.0000
    0.7307    0.2873    0.4439   -1.0000
    0.8398    0.9837    0.6146    1.0000
    0.1766    0.0641    0.6857   -1.0000
    0.2299    0.6645    0.8442    1.0000
    0.7350    0.8995    0.2442   -1.0000
    0.8836    0.0456    0.4929    1.0000
    0.5804    0.9489    0.6317   -1.0000
    0.4725    0.1216    0.2797    1.0000
    0.7692    0.7508    0.0181   -1.0000
    0.8485    0.9023    0.6760    1.0000
    0.0406    0.4954    0.6866   -1.0000
    0.0369    0.2506    0.3164    1.0000
    0.1668    0.4596    0.9178   -1.0000
    0.0490    0.2819    0.8151    1.0000
    0.8931    0.7903    0.0226   -1.0000
    0.0792    0.9209    0.5141    1.0000
    0.0425    0.7906    0.7281   -1.0000
    0.0954    0.7895    0.7072    1.0000
    0.3898    0.9061    0.1273   -1.0000
    0.4603    0.5273    0.6140    1.0000
    0.0518    0.0215    0.1115   -1.0000
    0.5553    0.6051    0.7840    1.0000
    0.9548    0.1943    0.4667   -1.0000
    0.9111    0.4160    0.2980    1.0000
    0.2574    0.8319    0.6945   -1.0000
    0.0062    0.6372    0.8150    1.0000
    0.6613    0.3349    0.9592   -1.0000
    0.5353    0.5666    0.1159    1.0000
    0.5089    0.8150    0.6323   -1.0000
    0.1301    0.5332    0.9511    1.0000
    0.0780    0.4367    0.7817   -1.0000
    0.1636    0.6928    0.4347    1.0000
    0.8199    0.5544    0.7881   -1.0000
    0.2679    0.5293    0.6492    1.0000
    0.1809    0.1981    0.1556   -1.0000
    0.9859    0.2506    0.3726    1.0000
    0.4793    0.3044    0.7114   -1.0000
    0.4709    0.6267    0.2083    1.0000
    0.3916    0.1711    0.5805   -1.0000
    0.2768    0.0920    0.2606    1.0000
    0.8372    0.7530    0.3645   -1.0000
    0.5996    0.3427    0.4365    1.0000
    0.2582    0.4321    0.0356   -1.0000
    0.0787    0.3395    0.2084    1.0000
    0.7432    0.4982    0.0685   -1.0000
    0.3902    0.2588    0.7552    1.0000
    0.8790    0.8688    0.2125   -1.0000
    0.4455    0.0224    0.7765    1.0000
    0.4007    0.6233    0.9736   -1.0000
    0.3790    0.6968    0.4523    1.0000
    0.4435    0.2438    0.1677   -1.0000
    0.6444    0.0127    0.0109    1.0000
    0.4135    0.3235    0.3446   -1.0000
    0.2442    0.4099    0.0481    1.0000
    0.9482    0.0371    0.5340   -1.0000
    0.5237    0.0867    0.2317    1.0000
    0.3835    0.4247    0.7736   -1.0000
    0.8530    0.9457    0.1182    1.0000
    0.1877    0.1091    0.4545   -1.0000
    0.2022    0.2833    0.3402    1.0000
    0.6104    0.6567    0.9797   -1.0000
    0.4237    0.8354    0.1895    1.0000
    0.3912    0.5621    0.9568   -1.0000
    0.0442    0.0645    0.9083    1.0000
    0.6940    0.8543    0.7724   -1.0000
    0.9580    0.3827    0.4211    1.0000
    0.2608    0.4975    0.0096   -1.0000
    0.8788    0.3299    0.1940    1.0000
    0.2821    0.9501    0.6414   -1.0000
    0.2791    0.3072    0.4428    1.0000
    0.8916    0.3253    0.3745   -1.0000
    0.7755    0.6574    0.0060    1.0000
    0.0876    0.2498    0.2616   -1.0000
    0.1125    0.4948    0.4712    1.0000
    0.5361    0.9343    0.0621   -1.0000
    0.0843    0.8020    0.5093    1.0000
    0.3898    0.1187    0.6552   -1.0000
    0.2609    0.5204    0.0341    1.0000
    0.9627    0.9323    0.5228   -1.0000
    0.6274    0.8456    0.8754    1.0000
    0.0542    0.0713    0.1954   -1.0000
    0.5416    0.5463    0.2619    1.0000
    0.2094    0.7362    0.4061   -1.0000
    0.5155    0.7106    0.9915    1.0000
    0.1560    0.4744    0.4793   -1.0000
    0.4239    0.4873    0.9943    1.0000
    0.0814    0.0138    0.9865   -1.0000
    0.9502    0.7843    0.0743    1.0000
    0.4176    0.3592    0.9867   -1.0000
    0.9390    0.0154    0.4733    1.0000
    0.8982    0.1437    0.2457   -1.0000
    0.1315    0.7031    0.3300    1.0000
    0.1035    0.2213    0.8502   -1.0000
    0.7881    0.1857    0.3948    1.0000
    0.2596    0.5988    0.6678   -1.0000
    0.0764    0.3927    0.2316    1.0000
    0.9462    0.3594    0.2907   -1.0000
    0.0959    0.6449    0.4961    1.0000
    0.2664    0.7329    0.9493   -1.0000
    0.9657    0.8285    0.1899    1.0000
    0.7845    0.4597    0.1254   -1.0000
    0.3831    0.0674    0.9105    1.0000
    0.9754    0.6981    0.2460   -1.0000
    0.6754    0.0899    0.9684    1.0000
    0.6648    0.1132    0.0828   -1.0000
    0.0359    0.5720    0.8396    1.0000
    0.7683    0.9996    0.6051   -1.0000
    0.3672    0.0169    0.2354    1.0000
    0.6793    0.4290    0.1663   -1.0000
    0.5427    0.5886    0.8116    1.0000
    0.4722    0.9185    0.8635   -1.0000
    0.5218    0.5289    0.6796    1.0000
    0.6817    0.1891    0.4723   -1.0000
    0.6170    0.9259    0.1661    1.0000
    0.8641    0.2743    0.5740   -1.0000
    0.1248    0.5176    0.0808    1.0000
    0.3703    0.6741    0.0263   -1.0000
    0.6518    0.8927    0.4502    1.0000
    0.8669    0.7505    0.4482   -1.0000
    0.6067    0.7002    0.2335    1.0000